-0.01600000080	4.00000000000
-0.01590000090	4.00000000000
-0.01580000110	4.00000000000
-0.01570000130	4.00000000000
-0.01560000050	3.60000014000
-0.01550000070	4.00000000000
-0.01540000080	3.60000014000
-0.01530000100	3.60000014000
-0.01520000120	4.00000000000
-0.01510000040	3.60000014000
-0.01500000060	3.60000014000
-0.01490000080	4.00000000000
-0.01480000090	4.00000000000
-0.01470000110	4.00000000000
-0.01460000030	4.00000000000
-0.01450000050	4.00000000000
-0.01440000070	4.00000000000
-0.01430000090	4.00000000000
-0.01420000100	4.00000000000
-0.01410000120	4.00000000000
-0.01400000040	4.00000000000
-0.01390000060	4.00000000000
-0.01380000080	4.00000000000
-0.01370000090	3.60000014000
-0.01360000110	4.00000000000
-0.01350000130	4.00000000000
-0.01340000050	4.00000000000
-0.01330000070	4.00000000000
-0.01320000090	4.00000000000
-0.01310000100	3.60000014000
-0.01300000120	3.60000014000
-0.01290000040	4.00000000000
-0.01280000060	4.00000000000
-0.01270000080	4.00000000000
-0.01260000090	4.00000000000
-0.01250000110	3.60000014000
-0.01240000130	3.60000014000
-0.01230000050	3.60000014000
-0.01220000070	4.00000000000
-0.01210000090	3.60000014000
-0.01200000100	4.00000000000
-0.01190000120	4.00000000000
-0.01180000040	4.00000000000
-0.01170000060	4.00000000000
-0.01160000080	4.00000000000
-0.01150000100	4.00000000000
-0.01140000110	4.00000000000
-0.01130000130	4.00000000000
-0.01120000050	4.00000000000
-0.01110000070	4.00000000000
-0.01100000090	4.00000000000
-0.01090000100	4.00000000000
-0.01080000120	4.00000000000
-0.01070000050	4.00000000000
-0.01060000060	4.00000000000
-0.01050000080	4.40000010000
-0.01040000100	4.00000000000
-0.01030000110	4.00000000000
-0.01020000130	4.00000000000
-0.01010000050	4.00000000000
-0.01000000070	4.00000000000
-0.00990000088	4.00000000000
-0.00980000105	4.00000000000
-0.00970000122	4.00000000000
-0.00960000046	4.00000000000
-0.00950000063	4.00000000000
-0.00940000080	4.00000000000
-0.00930000097	4.00000000000
-0.00920000114	4.00000000000
-0.00910000131	3.60000014000
-0.00900000054	4.00000000000
-0.00890000071	4.00000000000
-0.00880000088	3.60000014000
-0.00870000105	3.60000014000
-0.00860000122	3.60000014000
-0.00850000139	4.00000000000
-0.00840000063	4.00000000000
-0.00830000080	4.00000000000
-0.00820000097	4.00000000000
-0.00810000114	3.60000014000
-0.00800000131	4.00000000000
-0.00790000055	4.00000000000
-0.00780000119	3.60000014000
-0.00770000089	3.60000014000
-0.00760000106	4.00000000000
-0.00750000076	4.00000000000
-0.00740000093	4.00000000000
-0.00730000110	4.00000000000
-0.00720000081	3.60000014000
-0.00710000098	3.60000014000
-0.00700000115	4.00000000000
-0.00690000085	4.00000000000
-0.00680000102	4.00000000000
-0.00670000119	3.60000014000
-0.00660000090	3.60000014000
-0.00650000107	3.60000014000
-0.00640000124	4.00000000000
-0.00630000094	4.00000000000
-0.00620000111	4.00000000000
-0.00610000081	4.00000000000
-0.00600000098	4.00000000000
-0.00590000115	4.00000000000
-0.00580000086	4.00000000000
-0.00570000103	4.00000000000
-0.00560000120	3.60000014000
-0.00550000090	4.00000000000
-0.00540000107	4.00000000000
-0.00530000124	4.00000000000
-0.00520000095	3.60000014000
-0.00510000112	4.00000000000
-0.00500000082	4.00000000000
-0.00490000099	4.00000000000
-0.00480000116	4.00000000000
-0.00470000086	4.00000000000
-0.00460000103	4.00000000000
-0.00450000120	3.60000014000
-0.00440000091	4.00000000000
-0.00430000108	4.00000000000
-0.00420000125	4.00000000000
-0.00410000095	4.00000000000
-0.00400000112	3.60000014000
-0.00390000106	3.60000014000
-0.00380000100	4.00000000000
-0.00370000117	3.60000014000
-0.00360000110	3.60000014000
-0.00350000104	3.60000014000
-0.00340000098	3.60000014000
-0.00330000115	4.00000000000
-0.00320000108	3.60000014000
-0.00310000102	3.60000014000
-0.00300000119	4.00000000000
-0.00290000113	3.60000014000
-0.00280000106	3.60000014000
-0.00270000100	3.60000014000
-0.00260000120	3.60000014000
-0.00250000110	3.60000014000
-0.00240000100	3.60000014000
-0.00230000120	3.60000014000
-0.00220000120	4.00000000000
-0.00210000110	4.00000000000
-0.00200000100	4.00000000000
-0.00190000110	4.00000000000
-0.00180000110	4.00000000000
-0.00170000110	3.60000014000
-0.00160000110	3.60000014000
-0.00150000120	4.00000000000
-0.00140000110	4.00000000000
-0.00130000120	4.00000000000
-0.00120000110	4.00000000000
-0.00110000120	4.00000000000
-0.00100000110	3.60000014000
-0.00090000115	4.00000000000
-0.00080000114	4.00000000000
-0.00070000114	3.60000014000
-0.00060000113	4.00000000000
-0.00050000113	4.00000000000
-0.00040000115	4.00000000000
-0.00030000115	3.60000014000
-0.00020000116	4.00000000000
-0.00010000116	4.00000000000
-0.00000000116	14.40000060000
0.00009999883	38.40000153000
0.00019999883	47.60000229000
0.00029999882	46.40000153000
0.00039999883	40.79999924000
0.00049999880	36.00000000000
0.00059999881	32.79999924000
0.00069999881	29.20000076000
0.00079999882	26.00000000000
0.00089999882	22.80000114000
0.00099999999	19.60000040000
0.00109999880	17.20000080000
0.00119999880	14.40000060000
0.00129999880	12.80000020000
0.00139999880	10.80000020000
0.00149999880	10.00000000000
0.00159999880	8.80000019100
0.00169999870	8.40000057200
0.00179999880	7.59999990500
0.00189999880	6.80000019000
0.00199999870	6.00000000000
0.00209999880	5.59999990000
0.00219999880	5.20000029000
0.00229999890	4.80000019000
0.00239999870	4.40000010000
0.00249999880	4.40000010000
0.00259999880	4.00000000000
0.00269999870	4.00000000000
0.00279999874	4.00000000000
0.00289999880	4.40000010000
0.00299999886	4.00000000000
0.00309999869	4.00000000000
0.00319999876	4.00000000000
0.00329999882	4.00000000000
0.00339999865	4.00000000000
0.00349999871	4.00000000000
0.00359999877	4.00000000000
0.00369999884	4.00000000000
0.00379999867	4.40000010000
0.00389999873	6.00000000000
0.00399999879	6.80000019000
0.00409999862	6.40000010000
0.00419999892	6.00000000000
0.00429999875	5.20000029000
0.00439999858	5.20000029000
0.00449999887	4.80000019000
0.00459999871	4.80000019000
0.00469999854	4.40000010000
0.00479999883	4.00000000000
0.00489999866	4.00000000000
0.00499999849	4.00000000000
0.00509999879	4.00000000000
0.00519999862	4.40000010000
0.00529999891	4.40000010000
0.00539999874	4.40000010000
0.00549999857	4.40000010000
0.00559999887	4.40000010000
0.00569999870	4.40000010000
0.00579999853	4.80000019000
0.00589999883	4.80000019000
0.00599999866	5.20000029000
0.00609999849	5.20000029000
0.00619999878	5.20000029000
0.00629999861	5.20000029000
0.00639999844	6.00000000000
0.00649999874	6.40000010000
0.00659999857	7.59999990500
0.00669999886	9.19999980900
0.00679999869	11.19999980000
0.00689999852	14.00000000000
0.00699999882	16.39999960000
0.00709999865	18.39999960000
0.00719999848	21.20000076000
0.00729999878	28.00000000000
0.00739999861	40.79999924000
0.00749999844	56.00000000000
0.00759999873	68.80000305200
0.00769999856	74.80000305200
0.00779999886	72.80000305200
0.00789999869	64.40000152600
0.00799999852	54.00000000000
0.00809999835	45.20000076000
0.00819999818	38.79999924000
0.00829999894	33.20000076000
0.00839999877	28.39999962000
0.00849999860	24.39999962000
0.00859999843	20.80000114000
0.00869999826	18.00000000000
0.00879999902	15.19999980000
0.00889999885	13.19999980000
0.00899999868	11.60000040000
0.00909999851	10.40000060000
0.00919999834	8.80000019100
0.00929999817	8.00000000000
0.00939999893	6.80000019000
0.00949999876	6.40000010000
0.00959999859	6.00000000000
0.00969999842	5.20000029000
0.00979999825	4.80000019000
0.00989999902	4.40000010000
0.00999999885	4.40000010000
0.01009999870	4.00000000000
0.01019999850	4.00000000000
0.01029999830	4.00000000000
0.01039999820	4.00000000000
0.01049999890	4.00000000000
0.01059999880	4.00000000000
0.01069999860	4.00000000000
0.01079999840	4.00000000000
0.01089999820	3.60000014000
0.01099999900	4.00000000000
0.01109999880	4.00000000000
0.01119999870	4.00000000000
0.01129999850	3.60000014000
0.01139999830	4.00000000000
0.01149999820	6.00000000000
0.01159999890	6.40000010000
0.01169999880	6.40000010000
0.01179999860	6.00000000000
0.01189999840	5.20000029000
0.01199999820	4.80000019000
0.01209999810	4.80000019000
0.01219999880	4.00000000000
0.01229999870	4.40000010000
0.01239999850	4.00000000000
0.01249999830	4.00000000000
0.01259999820	4.00000000000
0.01269999890	4.00000000000
0.01279999870	4.00000000000
0.01289999860	4.40000010000
0.01299999840	4.80000019000
0.01309999820	4.80000019000
0.01319999810	4.80000019000
0.01329999880	4.80000019000
0.01339999870	4.80000019000
0.01349999850	4.80000019000
0.01359999830	5.20000029000
0.01369999810	5.20000029000
0.01379999890	5.20000029000
0.01389999870	5.59999990000
0.01399999860	5.59999990000
0.01409999840	6.40000010000
0.01419999820	7.20000029000
0.01429999810	8.40000057200
0.01439999880	10.40000060000
0.01449999870	12.80000020000
0.01459999850	14.80000020000
0.01469999830	16.80000110000
0.01479999810	20.00000000000
0.01489999890	27.20000076000
0.01499999870	38.00000000000
0.01509999860	50.79999924000
0.01519999840	61.60000228900
0.01529999820	66.80000305200
0.01539999810	64.80000305200
0.01549999880	57.20000076300
0.01559999860	48.00000000000
0.01569999750	40.40000153000
0.01579999920	34.40000153000
0.01589999910	29.20000076000
0.01599999890	25.20000076000
0.01609999870	21.60000038000
0.01619999860	18.80000110000
0.01629999840	15.60000040000
0.01639999820	14.00000000000
0.01649999800	11.60000040000
0.01659999790	10.40000060000
0.01669999770	9.19999980900
0.01679999750	8.00000000000
0.01689999920	7.20000029000
0.01699999910	6.40000010000
0.01709999890	6.00000000000
0.01719999870	5.20000029000
0.01729999860	4.80000019000
0.01739999840	4.40000010000
0.01749999820	4.00000000000
0.01759999800	4.00000000000
0.01769999790	4.00000000000
0.01779999770	4.00000000000
0.01789999750	4.00000000000
0.01799999920	4.00000000000
0.01809999910	4.00000000000
0.01819999890	4.00000000000
0.01829999870	4.00000000000
0.01839999850	4.00000000000
0.01849999840	4.00000000000
0.01859999820	4.00000000000
0.01869999800	4.40000010000
0.01879999790	5.20000029000
0.01889999770	6.40000010000
0.01899999750	7.20000029000
0.01909999920	9.60000038100
0.01919999900	10.40000060000
0.01929999890	9.60000038100
0.01939999870	8.80000019100
0.01949999850	7.59999990500
0.01959999840	7.20000029000
0.01969999820	6.40000010000
0.01979999800	6.00000000000
0.01989999790	5.59999990000
0.01999999770	4.80000019000
0.02009999752	4.40000010000
0.02019999921	4.00000000000
0.02029999904	4.00000000000
0.02039999887	4.40000010000
0.02049999870	4.00000000000
0.02059999853	4.40000010000
0.02069999836	4.40000010000
0.02079999819	4.40000010000
0.02089999802	4.40000010000
0.02099999785	4.40000010000
0.02109999768	4.40000010000
0.02119999751	4.40000010000
0.02129999921	4.40000010000
0.02139999904	4.80000019000
0.02149999887	4.40000010000
0.02159999870	4.80000019000
0.02169999853	6.00000000000
0.02179999836	6.80000019000
0.02189999819	7.59999990500
0.02199999802	8.80000019100
0.02209999785	11.19999980000
0.02219999768	12.80000020000
0.02229999751	14.40000060000
0.02239999920	17.20000080000
0.02249999903	23.20000076000
0.02259999886	32.00000000000
0.02269999869	42.40000153000
0.02279999852	51.20000076000
0.02289999835	55.20000076300
0.02299999818	54.00000000000
0.02309999801	48.40000153000
0.02319999784	41.20000076000
0.02329999767	34.40000153000
0.02339999750	29.20000076000
0.02349999733	25.20000076000
0.02359999903	21.60000038000
0.02369999886	18.39999960000
0.02379999869	16.00000000000
0.02389999852	13.60000040000
0.02399999835	11.60000040000
0.02409999818	10.00000000000
0.02419999801	9.19999980900
0.02429999784	8.00000000000
0.02439999767	7.20000029000
0.02449999750	6.40000010000
0.02459999733	6.00000000000
0.02469999902	5.59999990000
0.02479999885	5.20000029000
0.02489999868	4.80000019000
0.02499999851	4.40000010000
0.02509999834	4.40000010000
0.02519999817	4.00000000000
0.02529999800	4.00000000000
0.02539999783	4.00000000000
0.02549999766	4.00000000000
0.02559999749	4.00000000000
0.02569999732	4.00000000000
0.02579999901	4.00000000000
0.02589999884	4.40000010000
0.02599999867	4.40000010000
0.02609999850	4.40000010000
0.02619999833	4.80000019000
0.02629999816	4.80000019000
0.02639999799	5.59999990000
0.02649999782	6.40000010000
0.02659999765	7.20000029000
0.02669999748	9.60000038100
0.02679999731	10.40000060000
0.02689999901	9.19999980900
0.02699999884	8.00000000000
0.02709999867	7.20000029000
0.02719999850	6.40000010000
0.02729999833	5.59999990000
0.02739999816	5.20000029000
0.02749999799	4.80000019000
0.02759999782	4.80000019000
0.02769999765	4.40000010000
0.02779999748	4.40000010000
0.02789999731	4.00000000000
0.02799999900	4.40000010000
0.02809999883	4.40000010000
0.02819999866	4.80000019000
0.02829999849	4.80000019000
0.02839999832	4.80000019000
0.02849999815	4.80000019000
0.02859999798	4.80000019000
0.02869999781	4.80000019000
0.02879999764	4.80000019000
0.02889999747	4.80000019000
0.02899999730	4.80000019000
0.02909999900	4.40000010000
0.02919999883	4.80000019000
0.02929999866	5.59999990000
0.02939999849	6.00000000000
0.02949999832	7.20000029000
0.02959999815	8.40000057200
0.02969999798	10.80000020000
0.02979999781	12.40000060000
0.02989999764	13.60000040000
0.02999999747	16.00000000000
0.03009999730	20.80000114000
0.03019999899	28.80000114000
0.03029999882	37.60000229000
0.03039999865	45.20000076000
0.03049999848	48.79999924000
0.03059999831	46.79999924000
0.03069999814	41.60000229000
0.03079999797	35.20000076000
0.03089999780	29.60000038000
0.03099999763	25.20000076000
0.03109999746	21.60000038000
0.03119999729	18.80000110000
0.03129999712	16.39999960000
0.03139999881	14.00000000000
0.03149999678	12.00000000000
0.03159999847	10.80000020000
0.03169999644	9.19999980900
0.03179999813	8.40000057200
0.03189999983	7.20000029000
0.03199999779	6.80000019000
0.03209999949	6.00000000000
0.03219999745	5.20000029000
0.03229999915	4.80000019000
0.03239999712	4.80000019000
0.03249999881	4.40000010000
0.03259999678	4.40000010000
0.03269999847	4.00000000000
0.03279999644	4.00000000000
0.03289999813	4.40000010000
0.03299999982	4.00000000000
0.03309999779	4.00000000000
0.03319999948	4.00000000000
0.03329999745	4.00000000000
0.03339999914	4.00000000000
0.03349999711	4.00000000000
0.03359999880	4.00000000000
0.03369999677	4.00000000000
0.03379999846	4.00000000000
0.03389999643	4.80000019000
0.03399999812	6.00000000000
0.03409999982	7.59999990500
0.03419999778	8.00000000000
0.03429999948	10.80000020000
0.03439999744	12.00000000000
0.03449999914	11.19999980000
0.03459999710	10.00000000000
0.03469999880	8.80000019100
0.03479999676	8.00000000000
0.03489999846	7.20000029000
0.03499999642	6.40000010000
0.03509999812	6.00000000000
0.03519999981	5.20000029000
0.03529999778	4.80000019000
0.03539999947	4.40000010000
0.03549999744	4.00000000000
0.03559999913	4.00000000000
0.03569999710	4.00000000000
0.03579999879	4.00000000000
0.03589999676	4.00000000000
0.03599999845	4.00000000000
0.03609999642	4.00000000000
0.03619999811	4.00000000000
0.03629999608	4.00000000000
0.03639999777	4.00000000000
0.03649999946	4.00000000000
0.03659999743	4.00000000000
0.03669999912	4.00000000000
0.03679999709	4.40000010000
0.03689999878	4.80000019000
0.03699999675	5.59999990000
0.03709999844	6.40000010000
0.03719999641	7.59999990500
0.03729999810	9.19999980900
0.03739999607	10.00000000000
0.03749999776	11.19999980000
0.03759999946	13.19999980000
0.03769999743	16.80000110000
0.03779999912	23.20000076000
0.03789999709	31.20000076000
0.03799999878	38.00000000000
0.03809999675	41.20000076000
0.03819999844	39.60000229000
0.03829999641	35.20000076000
0.03839999810	29.60000038000
0.03849999607	25.20000076000
0.03859999776	21.60000038000
0.03869999945	18.39999960000
0.03879999742	16.00000000000
0.03889999911	14.00000000000
0.03899999708	12.40000060000
0.03909999877	11.19999980000
0.03919999674	9.60000038100
0.03929999843	8.40000057200
0.03939999640	7.59999990500
0.03949999809	6.80000019000
0.03959999606	6.40000010000
0.03969999775	5.59999990000
0.03979999945	5.20000029000
0.03989999741	4.80000019000
0.03999999911	4.80000019000
0.04009999707	4.40000010000
0.04019999877	4.00000000000
0.04029999673	4.00000000000
0.04039999843	4.00000000000
0.04049999639	4.00000000000
0.04059999809	4.00000000000
0.04069999605	4.00000000000
0.04079999775	4.00000000000
0.04089999944	4.00000000000
0.04099999741	4.00000000000
0.04109999910	4.40000010000
0.04119999707	4.00000000000
0.04129999876	4.40000010000
0.04139999673	4.80000019000
0.04149999842	5.20000029000
0.04159999639	6.40000010000
0.04169999808	7.59999990500
0.04179999605	8.00000000000
0.04189999774	10.40000060000
0.04199999943	11.19999980000
0.04209999740	10.40000060000
0.04219999909	9.19999980900
0.04229999706	7.59999990500
0.04239999875	7.20000029000
0.04249999672	6.40000010000
0.04259999841	6.00000000000
0.04269999638	5.20000029000
0.04279999807	4.80000019000
0.04289999604	4.80000019000
0.04299999774	4.80000019000
0.04309999943	4.40000010000
0.04319999740	4.40000010000
0.04329999909	4.80000019000
0.04339999706	4.80000019000
0.04349999875	4.40000010000
0.04359999672	4.40000010000
0.04369999841	4.40000010000
0.04379999638	4.00000000000
0.04389999807	4.40000010000
0.04399999604	4.40000010000
0.04409999773	4.00000000000
0.04419999942	4.00000000000
0.04429999739	4.00000000000
0.04439999908	4.40000010000
0.04449999705	4.40000010000
0.04459999874	5.20000029000
0.04469999671	6.00000000000
0.04479999840	6.80000019000
0.04489999637	8.00000000000
0.04499999806	9.19999980900
0.04509999603	10.40000060000
0.04519999772	11.60000040000
0.04529999942	15.19999980000
0.04539999738	21.20000076000
0.04549999908	28.00000000000
0.04559999704	34.40000153000
0.04569999874	37.20000076000
0.04579999670	36.00000000000
0.04589999840	31.60000038000
0.04599999636	26.39999962000
0.04609999806	22.39999962000
0.04619999602	19.20000080000
0.04629999772	16.39999960000
0.04639999941	14.40000060000
0.04649999738	12.40000060000
0.04659999907	10.80000020000
0.04669999704	10.00000000000
0.04679999873	8.40000057200
0.04689999670	7.59999990500
0.04699999839	6.80000019000
0.04709999636	6.00000000000
0.04719999805	5.59999990000
0.04729999602	5.20000029000
0.04739999771	4.80000019000
0.04749999940	4.40000010000
0.04759999737	4.40000010000
0.04769999906	4.00000000000
0.04779999703	4.00000000000
0.04789999872	4.00000000000
0.04799999669	4.00000000000
0.04809999838	4.00000000000
0.04819999635	4.00000000000
0.04829999804	4.00000000000
0.04839999601	4.00000000000
0.04849999771	4.00000000000
0.04859999940	4.00000000000
0.04869999737	4.40000010000
0.04879999906	4.00000000000
0.04889999703	4.00000000000
0.04899999872	4.00000000000
0.04909999669	4.80000019000
0.04919999838	6.40000010000
0.04929999635	7.59999990500
0.04939999804	8.40000057200
0.04949999601	10.80000020000
0.04959999770	11.60000040000
0.04969999939	10.80000020000
0.04979999736	9.60000038100
0.04989999905	8.80000019100
0.04999999702	7.59999990500
0.05009999871	7.20000029000
0.05019999668	6.40000010000
0.05029999837	5.59999990000
0.05039999634	5.20000029000
0.05049999803	4.80000019000
0.05059999600	4.40000010000
0.05069999769	4.40000010000
0.05079999939	4.00000000000
0.05089999735	4.00000000000
0.05099999905	4.00000000000
0.05109999701	4.00000000000
0.05119999871	4.40000010000
0.05129999667	4.40000010000
0.05139999837	4.00000000000
0.05149999633	4.00000000000
0.05159999803	4.00000000000
0.05169999599	4.00000000000
0.05179999769	4.00000000000
0.05189999938	4.00000000000
0.05199999735	4.00000000000
0.05209999904	4.40000010000
0.05219999701	4.80000019000
0.05229999870	5.59999990000
0.05239999667	6.40000010000
0.05249999836	7.59999990500
0.05259999633	8.80000019100
0.05269999802	9.60000038100
0.05279999599	10.80000020000
0.05289999768	13.60000040000
0.05299999565	18.39999960000
0.05309999734	24.39999962000
0.05319999903	29.60000038000
0.05329999700	31.60000038000
0.05339999869	30.80000114000
0.05349999666	27.20000076000
0.05359999835	22.39999962000
0.05369999632	19.60000040000
0.05379999802	16.39999960000
0.05389999598	14.40000060000
0.05399999768	12.80000020000
0.05409999564	10.80000020000
0.05419999734	9.60000038100
0.05429999903	8.80000019100
0.05439999700	8.00000000000
0.05449999869	7.20000029000
0.05459999666	6.40000010000
0.05469999835	6.00000000000
0.05479999632	5.20000029000
0.05489999801	5.20000029000
0.05499999598	4.40000010000
0.05509999767	4.40000010000
0.05519999564	4.40000010000
0.05529999733	4.00000000000
0.05539999902	4.00000000000
0.05549999699	4.00000000000
0.05559999868	4.00000000000
0.05569999665	4.00000000000
0.05579999834	4.00000000000
0.05589999631	4.00000000000
0.05599999800	4.40000010000
0.05609999597	4.00000000000
0.05619999766	4.40000010000
0.05629999563	4.40000010000
0.05639999732	4.40000010000
0.05649999902	4.80000019000
0.05659999698	4.80000019000
0.05669999868	5.59999990000
0.05679999664	6.40000010000
0.05689999834	7.59999990500
0.05699999631	8.00000000000
0.05709999800	10.00000000000
0.05719999597	10.80000020000
0.05729999766	9.60000038100
0.05739999563	8.40000057200
0.05749999732	7.20000029000
0.05759999901	6.80000019000
0.05769999698	6.00000000000
0.05779999867	5.59999990000
0.05789999664	5.20000029000
0.05799999833	4.80000019000
0.05809999630	4.80000019000
0.05819999799	4.40000010000
0.05829999596	4.40000010000
0.05839999765	4.40000010000
0.05849999562	4.40000010000
0.05859999731	4.00000000000
0.05869999901	4.00000000000
0.05879999697	4.00000000000
0.05889999867	4.00000000000
0.05899999663	4.40000010000
0.05909999833	4.00000000000
0.05919999629	4.00000000000
0.05929999799	4.00000000000
0.05939999595	4.00000000000
0.05949999765	4.00000000000
0.05959999561	4.00000000000
0.05969999731	4.00000000000
0.05979999900	4.40000010000
0.05989999697	4.80000019000
0.05999999866	6.00000000000
0.06009999663	6.80000019000
0.06019999832	7.59999990500
0.06029999629	8.40000057200
0.06039999798	9.60000038100
0.06049999595	12.80000020000
0.06059999764	17.20000080000
0.06069999561	22.80000114000
0.06079999730	27.60000038000
0.06089999899	30.00000000000
0.06099999696	28.80000114000
0.06109999865	25.60000038000
0.06119999662	21.60000038000
0.06129999831	18.39999960000
0.06139999628	15.60000040000
0.06149999797	13.60000040000
0.06159999594	11.60000040000
0.06169999763	10.80000020000
0.06179999560	9.19999980900
0.06189999729	8.00000000000
0.06199999899	7.20000029000
0.06209999695	6.80000019000
0.06219999865	6.40000010000
0.06229999661	6.00000000000
0.06239999831	5.20000029000
0.06249999628	5.20000029000
0.06259999424	4.80000019000
0.06269999594	4.40000010000
0.06279999763	4.40000010000
0.06289999932	4.00000000000
0.06299999356	4.00000000000
0.06309999526	4.00000000000
0.06319999695	4.00000000000
0.06329999864	4.00000000000
0.06340000033	4.00000000000
0.06349999458	4.00000000000
0.06359999627	4.00000000000
0.06369999796	4.40000010000
0.06379999965	4.00000000000
0.06389999390	4.00000000000
0.06399999559	4.00000000000
0.06409999728	4.00000000000
0.06419999898	4.00000000000
0.06430000067	4.40000010000
0.06439999491	6.00000000000
0.06449999660	7.20000029000
0.06459999830	7.20000029000
0.06469999999	8.80000019100
0.06479999423	9.60000038100
0.06489999592	9.19999980900
0.06499999762	8.00000000000
0.06509999931	7.59999990500
0.06519999355	6.80000019000
0.06529999524	6.00000000000
0.06539999694	5.59999990000
0.06549999863	5.20000029000
0.06560000032	4.80000019000
0.06569999456	4.40000010000
0.06579999626	4.40000010000
0.06589999795	4.40000010000
0.06599999964	4.40000010000
0.06609999389	4.00000000000
0.06619999558	4.00000000000
0.06629999727	4.00000000000
0.06639999896	4.00000000000
0.06650000066	4.00000000000
0.06659999490	4.00000000000
0.06669999659	4.00000000000
0.06679999828	4.00000000000
0.06689999998	4.00000000000
0.06699999422	4.00000000000
0.06709999591	4.00000000000
0.06719999760	4.00000000000
0.06729999930	4.40000010000
0.06739999354	4.40000010000
0.06749999523	4.80000019000
0.06759999692	6.00000000000
0.06769999862	6.80000019000
0.06780000031	7.59999990500
0.06789999455	8.00000000000
0.06799999625	9.60000038100
0.06809999794	12.40000060000
0.06819999963	16.39999960000
0.06829999387	21.60000038000
0.06839999557	25.60000038000
0.06849999726	27.20000076000
0.06859999895	26.00000000000
0.06870000064	22.80000114000
0.06879999489	18.80000110000
0.06889999658	16.00000000000
0.06899999827	13.60000040000
0.06909999996	11.60000040000
0.06919999421	9.60000038100
0.06929999590	8.40000057200
0.06939999759	7.59999990500
0.06949999929	6.80000019000
0.06959999353	6.40000010000
0.06969999522	6.00000000000
0.06979999691	5.59999990000
0.06989999861	5.20000029000
0.07000000030	4.80000019000
0.07009999454	4.80000019000
0.07019999623	4.40000010000
0.07029999793	4.80000019000
0.07039999962	4.40000010000
0.07049999386	4.00000000000
0.07059999555	4.00000000000
0.07069999725	4.00000000000
0.07079999894	4.00000000000
0.07090000063	4.00000000000
0.07099999487	4.00000000000
0.07109999657	4.00000000000
0.07119999826	3.60000014000
0.07129999995	4.00000000000
0.07139999420	4.00000000000
0.07149999589	4.00000000000
0.07159999758	4.00000000000
0.07169999927	4.00000000000
0.07179999352	4.40000010000
0.07189999521	5.20000029000
0.07199999690	6.00000000000
0.07209999859	7.20000029000
0.07220000029	6.80000019000
0.07229999453	8.00000000000
0.07239999622	8.80000019100
0.07249999791	8.00000000000
0.07259999961	7.20000029000
0.07269999385	6.00000000000
0.07279999554	6.00000000000
0.07289999723	5.20000029000
0.07299999893	4.80000019000
0.07310000062	4.80000019000
0.07319999486	4.40000010000
0.07329999656	4.40000010000
0.07339999825	4.40000010000
0.07349999994	4.00000000000
0.07359999418	4.00000000000
0.07369999588	4.00000000000
0.07379999757	4.00000000000
0.07389999926	4.00000000000
0.07399999350	4.00000000000
0.07409999520	4.40000010000
0.07419999689	4.00000000000
0.07429999858	4.00000000000
0.07440000027	4.00000000000
0.07449999452	4.00000000000
0.07459999621	4.00000000000
0.07469999790	3.60000014000
0.07479999960	4.00000000000
0.07489999384	3.60000014000
0.07499999553	4.00000000000
0.07509999722	4.80000019000
0.07519999892	5.20000029000
0.07530000061	6.00000000000
0.07539999485	6.80000019000
0.07549999654	7.59999990500
0.07559999824	8.00000000000
0.07569999993	10.00000000000
0.07579999417	14.40000060000
0.07589999586	19.60000040000
0.07599999756	24.39999962000
0.07609999925	26.39999962000
0.07619999349	25.60000038000
0.07629999518	22.80000114000
0.07639999688	18.80000110000
0.07649999857	15.60000040000
0.07660000026	13.60000040000
0.07669999450	11.60000040000
0.07679999620	10.40000060000
0.07689999789	9.19999980900
0.07699999958	8.00000000000
0.07709999383	7.20000029000
0.07719999552	6.80000019000
0.07729999721	6.00000000000
0.07739999890	5.20000029000
0.07750000060	5.20000029000
0.07759999484	4.80000019000
0.07769999653	4.80000019000
0.07779999822	4.40000010000
0.07789999992	4.40000010000
0.07799999416	4.00000000000
0.07809999585	4.00000000000
0.07819999754	4.00000000000
0.07829999924	4.00000000000
0.07839999348	4.00000000000
0.07849999517	4.00000000000
0.07859999687	4.00000000000
0.07869999856	4.00000000000
0.07880000025	4.00000000000
0.07889999449	4.00000000000
0.07899999619	4.00000000000
0.07909999788	4.00000000000
0.07919999957	4.00000000000
0.07929999381	4.00000000000
0.07939999551	4.00000000000
0.07949999720	4.40000010000
0.07959999889	4.80000019000
0.07969999313	6.00000000000
0.07979999483	6.00000000000
0.07989999652	6.80000019000
0.07999999821	7.59999990500
0.08009999991	7.20000029000
0.08019999415	6.80000019000
0.08029999584	6.40000010000
0.08039999753	6.00000000000
0.08049999923	5.59999990000
0.08059999347	5.20000029000
0.08069999516	4.80000019000
0.08079999685	4.40000010000
0.08089999855	4.00000000000
0.08100000024	4.00000000000
0.08109999448	4.00000000000
0.08119999617	4.00000000000
0.08129999787	4.00000000000
0.08139999956	4.00000000000
0.08149999380	4.00000000000
0.08159999549	4.00000000000
0.08169999719	4.00000000000
0.08179999888	4.00000000000
0.08189999312	4.00000000000
0.08199999481	4.00000000000
0.08209999651	4.00000000000
0.08219999820	4.00000000000
0.08229999989	4.00000000000
0.08239999414	4.00000000000
0.08249999583	4.00000000000
0.08259999752	4.00000000000
0.08269999921	4.80000019000
0.08279999346	5.20000029000
0.08289999515	5.59999990000
0.08299999684	6.40000010000
0.08309999853	6.80000019000
0.08320000023	8.40000057200
0.08329999447	10.80000020000
0.08339999616	15.19999980000
0.08349999785	20.00000000000
0.08359999955	24.39999962000
0.08369999379	25.60000038000
0.08379999548	24.39999962000
0.08389999718	21.20000076000
0.08399999887	17.60000040000
0.08409999311	14.80000020000
0.08419999480	12.80000020000
0.08429999650	10.80000020000
0.08439999819	9.60000038100
0.08449999988	8.00000000000
0.08459999412	7.59999990500
0.08469999582	6.80000019000
0.08479999751	6.00000000000
0.08489999920	5.59999990000
0.08499999344	5.20000029000
0.08509999514	4.80000019000
0.08519999683	4.80000019000
0.08529999852	4.80000019000
0.08540000022	4.40000010000
0.08549999446	4.40000010000
0.08559999615	4.40000010000
0.08569999784	4.40000010000
0.08579999954	4.00000000000
0.08589999378	4.00000000000
0.08599999547	4.00000000000
0.08609999716	4.00000000000
0.08619999886	4.00000000000
0.08629999310	4.00000000000
0.08639999479	3.60000014000
0.08649999648	4.00000000000
0.08659999818	4.00000000000
0.08669999987	4.00000000000
0.08679999411	4.00000000000
0.08689999580	4.40000010000
0.08699999750	4.40000010000
0.08709999919	4.40000010000
0.08719999343	5.20000029000
0.08729999512	5.59999990000
0.08739999682	6.00000000000
0.08749999851	6.40000010000
0.08760000020	6.80000019000
0.08769999445	6.00000000000
0.08779999614	5.59999990000
0.08789999783	5.20000029000
0.08799999952	4.80000019000
0.08809999377	4.40000010000
0.08819999546	4.80000019000
0.08829999715	4.40000010000
0.08839999884	4.40000010000
0.08849999309	4.00000000000
0.08859999478	4.40000010000
0.08869999647	4.40000010000
0.08879999816	4.40000010000
0.08889999986	4.00000000000
0.08899999410	4.00000000000
0.08909999579	4.00000000000
0.08919999749	4.40000010000
0.08929999918	4.00000000000
0.08939999342	4.00000000000
0.08949999511	4.00000000000
0.08959999681	4.00000000000
0.08969999850	4.00000000000
0.08980000019	3.60000014000
0.08989999443	4.00000000000
0.08999999613	4.00000000000
0.09009999782	4.00000000000
0.09019999951	4.00000000000
0.09029999375	4.40000010000
0.09039999545	5.20000029000
0.09049999714	6.00000000000
0.09059999883	6.80000019000
0.09069999307	6.80000019000
0.09079999477	7.59999990500
0.09089999646	9.60000038100
0.09099999815	13.19999980000
0.09109999985	18.00000000000
0.09119999409	22.39999962000
0.09129999578	24.39999962000
0.09139999747	24.00000000000
0.09149999917	20.80000114000
0.09159999341	17.20000080000
0.09169999510	14.40000060000
0.09179999679	12.40000060000
0.09189999849	10.80000020000
0.09200000018	9.19999980900
0.09209999442	8.40000057200
0.09219999611	7.59999990500
0.09229999781	6.80000019000
0.09239999950	6.00000000000
0.09249999374	5.59999990000
0.09259999543	5.20000029000
0.09269999713	4.80000019000
0.09279999882	4.80000019000
0.09289999306	4.40000010000
0.09299999476	4.40000010000
0.09309999645	4.00000000000
0.09319999814	4.00000000000
0.09329999983	4.00000000000
0.09339999408	4.00000000000
0.09349999577	4.00000000000
0.09359999746	4.00000000000
0.09369999915	4.00000000000
0.09379999340	4.00000000000
0.09389999509	4.00000000000
0.09399999678	4.00000000000
0.09409999847	4.00000000000
0.09420000017	4.00000000000
0.09429999441	4.00000000000
0.09439999610	4.00000000000
0.09449999780	4.00000000000
0.09459999949	3.60000014000
0.09469999373	4.00000000000
0.09479999542	4.00000000000
0.09489999712	4.40000010000
0.09499999881	4.40000010000
0.09509999305	5.59999990000
0.09519999474	6.00000000000
0.09529999644	6.00000000000
0.09539999813	5.59999990000
0.09549999982	5.20000029000
0.09559999406	4.80000019000
0.09569999576	4.40000010000
0.09579999745	4.40000010000
0.09589999914	4.40000010000
0.09599999338	4.00000000000
0.09609999508	4.00000000000
0.09619999677	4.00000000000
0.09629999846	4.00000000000
0.09639999270	4.00000000000
0.09649999440	4.00000000000
0.09659999609	4.00000000000
0.09669999778	4.00000000000
0.09679999948	4.00000000000
0.09689999372	4.00000000000
0.09699999541	4.00000000000
0.09709999710	4.00000000000
0.09719999880	4.00000000000
0.09729999304	4.00000000000
0.09739999473	4.00000000000
0.09749999642	4.00000000000
0.09759999812	4.00000000000
0.09769999981	4.00000000000
0.09779999405	4.00000000000
0.09789999574	4.40000010000
0.09799999744	5.20000029000
0.09809999913	6.00000000000
0.09819999337	6.40000010000
0.09829999507	6.80000019000
0.09839999676	7.59999990500
0.09849999845	10.40000060000
0.09859999269	14.00000000000
0.09869999439	18.80000110000
0.09879999608	22.39999962000
0.09889999777	24.00000000000
0.09899999946	23.20000076000
0.09909999371	20.39999962000
0.09919999540	16.80000110000
0.09929999709	14.00000000000
0.09939999878	12.00000000000
0.09949999303	10.00000000000
0.09959999472	8.40000057200
0.09969999641	7.59999990500
0.09979999811	7.20000029000
0.09989999980	6.40000010000
0.09999999404	6.00000000000
0.10009999570	5.20000029000
0.10019999740	5.20000029000
0.10029999910	4.80000019000
0.10039999340	4.80000019000
0.10049999510	4.40000010000
0.10059999670	4.40000010000
0.10069999840	4.00000000000
0.10079999270	4.00000000000
0.10089999440	4.00000000000
0.10099999610	4.00000000000
0.10109999780	4.00000000000
0.10119999950	3.60000014000
0.10129999370	3.60000014000
0.10139999540	4.00000000000
0.10149999710	3.60000014000
0.10159999880	4.00000000000
0.10169999300	4.00000000000
0.10179999470	4.00000000000
0.10189999640	4.00000000000
0.10199999810	4.00000000000
0.10209999980	4.00000000000
0.10219999400	4.00000000000
0.10229999570	4.40000010000
0.10239999740	4.40000010000
0.10249999910	4.00000000000
0.10259999330	4.00000000000
0.10269999500	4.40000010000
0.10279999670	4.40000010000
0.10289999840	4.40000010000
0.10299999270	4.00000000000
0.10309999440	4.00000000000
0.10319999610	4.00000000000
0.10329999770	4.00000000000
0.10339999940	4.00000000000
0.10349999370	4.00000000000
0.10359999540	4.00000000000
0.10369999710	4.00000000000
0.10379999880	4.00000000000
0.10389999300	4.00000000000
0.10399999470	4.00000000000
0.10409999640	4.00000000000
0.10419999810	4.40000010000
0.10429999980	4.40000010000
0.10439999400	4.40000010000
0.10449999570	4.40000010000
0.10459999740	4.40000010000
0.10469999910	4.00000000000
0.10479999330	4.00000000000
0.10489999500	4.00000000000
0.10499999670	4.00000000000
0.10509999840	3.60000014000
0.10519999270	4.00000000000
0.10529999430	4.00000000000
0.10539999600	4.00000000000
0.10549999770	4.40000010000
0.10559999940	4.80000019000
0.10569999370	5.59999990000
0.10579999540	6.40000010000
0.10589999710	6.80000019000
0.10599999870	7.59999990500
0.10609999300	9.60000038100
0.10619999470	13.60000040000
0.10629999640	17.60000040000
0.10639999810	21.60000038000
0.10649999980	23.60000038000
0.10659999400	22.80000114000
0.10669999570	20.00000000000
0.10679999740	16.39999960000
0.10689999910	14.00000000000
0.10699999330	11.60000040000
0.10709999500	10.00000000000
0.10719999670	8.80000019100
0.10729999840	7.59999990500
0.10739999260	7.20000029000
0.10749999430	6.80000019000
0.10759999600	6.00000000000
0.10769999770	6.00000000000
0.10779999940	5.20000029000
0.10789999370	4.80000019000
0.10799999540	4.40000010000
0.10809999700	4.40000010000
0.10819999870	4.40000010000
0.10829999300	4.00000000000
0.10839999470	4.00000000000
0.10849999640	4.00000000000
0.10859999810	4.00000000000
0.10869999970	4.00000000000
0.10879999400	4.00000000000
0.10889999570	4.00000000000
0.10899999740	4.00000000000
0.10909999910	3.60000014000
0.10919999330	4.00000000000
0.10929999500	4.00000000000
0.10939999670	4.00000000000
0.10949999840	4.00000000000
0.10959999260	4.00000000000
0.10969999430	4.00000000000
0.10979999600	4.00000000000
0.10989999770	4.00000000000
0.10999999940	4.00000000000
0.11009999360	4.00000000000
0.11019999530	3.60000014000
0.11029999700	4.00000000000
0.11039999870	4.00000000000
0.11049999300	4.40000010000
0.11059999470	4.40000010000
0.11069999640	4.40000010000
0.11079999800	4.40000010000
0.11089999970	4.40000010000
0.11099999400	4.40000010000
0.11109999570	4.00000000000
0.11119999740	4.00000000000
0.11129999910	3.60000014000
0.11139999330	4.00000000000
0.11149999500	3.60000014000
0.11159999670	4.00000000000
0.11169999840	4.00000000000
0.11179999260	4.00000000000
0.11189999430	4.00000000000
0.11199999600	4.00000000000
0.11209999770	4.00000000000
0.11219999940	4.00000000000
0.11229999360	4.00000000000
0.11239999530	4.00000000000
0.11249999700	3.60000014000
0.11259999870	4.00000000000
0.11269999300	3.60000014000
0.11279999460	4.00000000000
0.11289999630	4.00000000000
0.11299999800	4.00000000000
0.11309999230	4.80000019000
0.11319999400	5.20000029000
0.11329999570	5.59999990000
0.11339999740	6.00000000000
0.11349999900	6.80000019000
0.11359999330	7.59999990500
0.11369999500	9.19999980900
0.11379999670	12.40000060000
0.11389999840	16.80000110000
0.11399999260	20.80000114000
0.11409999430	22.39999962000
0.11419999600	22.00000000000
0.11429999770	19.20000080000
0.11439999940	16.00000000000
0.11449999360	12.80000020000
0.11459999530	11.19999980000
0.11469999700	9.60000038100
0.11479999870	8.00000000000
0.11489999290	7.20000029000
0.11499999460	6.80000019000
0.11509999630	6.00000000000
0.11519999800	5.59999990000
0.11529999230	4.80000019000
0.11539999400	4.80000019000
0.11549999560	4.80000019000
0.11559999730	4.40000010000
0.11569999900	4.00000000000
0.11579999330	4.40000010000
0.11589999500	4.40000010000
0.11599999670	4.00000000000
0.11609999840	4.00000000000
0.11619999260	4.00000000000
0.11629999430	4.00000000000
0.11639999600	3.60000014000
0.11649999770	4.00000000000
0.11659999940	4.00000000000
0.11669999360	4.00000000000
0.11679999530	4.00000000000
0.11689999700	4.00000000000
0.11699999870	4.00000000000
0.11709999290	4.00000000000
0.11719999460	4.00000000000
0.11729999630	4.00000000000
0.11739999800	4.00000000000
0.11749999230	4.00000000000
0.11759999390	4.00000000000
0.11769999560	4.00000000000
0.11779999730	3.60000014000
0.11789999900	4.00000000000
0.11799999330	3.60000014000
0.11809999500	4.00000000000
0.11819999670	4.00000000000
0.11829999830	3.60000014000
0.11839999260	4.00000000000
0.11849999430	4.00000000000
0.11859999600	3.60000014000
0.11869999770	4.00000000000
0.11879999940	4.00000000000
0.11889999360	4.00000000000
0.11899999530	4.00000000000
0.11909999700	3.60000014000
0.11919999870	3.60000014000
0.11929999290	4.00000000000
0.11939999460	4.00000000000
0.11949999630	4.00000000000
0.11959999800	4.00000000000
0.11969999220	4.00000000000
0.11979999390	4.00000000000
0.11989999560	3.60000014000
0.11999999730	4.00000000000
0.12009999900	4.00000000000
0.12019999330	4.00000000000
0.12029999490	4.00000000000
0.12039999660	4.00000000000
0.12049999830	4.00000000000
0.12059999260	4.00000000000
0.12069999430	4.40000010000
0.12079999600	4.80000019000
0.12089999770	5.20000029000
0.12099999930	6.00000000000
0.12109999360	6.40000010000
0.12119999530	7.20000029000
0.12129999700	9.60000038100
0.12139999870	13.19999980000
0.12149999290	17.60000040000
0.12159999460	20.80000114000
0.12169999630	22.80000114000
0.12179999800	21.60000038000
0.12189999220	19.20000080000
0.12199999390	16.00000000000
0.12209999560	13.19999980000
0.12219999730	10.80000020000
0.12229999900	9.60000038100
0.12239999320	8.00000000000
0.12249999490	7.20000029000
0.12259999660	6.40000010000
0.12269999830	6.40000010000
0.12279999260	5.59999990000
0.12289999430	5.59999990000
0.12299999590	5.20000029000
0.12309999760	4.80000019000
0.12319999930	4.80000019000
0.12329999360	4.40000010000
0.12339999530	4.40000010000
0.12349999700	4.00000000000
0.12359999870	4.00000000000
0.12369999290	4.00000000000
0.12379999460	4.00000000000
0.12389999630	4.00000000000
0.12399999800	4.00000000000
0.12409999220	4.00000000000
0.12419999390	4.00000000000
0.12429999560	4.00000000000
0.12439999730	4.00000000000
0.12449999900	4.00000000000
0.12459999320	4.00000000000
0.12469999490	4.00000000000
0.12479999660	4.00000000000
0.12489999830	4.00000000000
0.12499999250	4.00000000000
0.12510000170	4.00000000000
0.12519998850	4.00000000000
0.12529999020	4.00000000000
0.12539999190	3.60000014000
0.12549999360	4.00000000000
0.12559999530	4.00000000000
0.12569999690	4.00000000000
0.12579999860	4.40000010000
0.12590000030	4.40000010000
0.12600000200	4.00000000000
0.12609998880	4.00000000000
0.12619999050	4.00000000000
0.12629999220	4.00000000000
0.12639999390	4.00000000000
0.12649999560	3.60000014000
0.12659999730	3.60000014000
0.12669999900	4.00000000000
0.12680000070	4.00000000000
0.12690000240	4.00000000000
0.12699998920	4.00000000000
0.12709999080	4.40000010000
0.12719999250	4.00000000000
0.12729999420	4.00000000000
0.12739999590	4.00000000000
0.12749999760	4.00000000000
0.12759999930	4.00000000000
0.12770000100	4.00000000000
0.12780000270	4.00000000000
0.12789998950	4.00000000000
0.12799999120	4.00000000000
0.12809999290	4.00000000000
0.12819999460	4.00000000000
0.12829999630	4.00000000000
0.12839999790	4.80000019000
0.12849999960	5.20000029000
0.12860000130	6.00000000000
0.12870000300	6.40000010000
0.12879998980	7.20000029000
0.12889999150	9.19999980900
0.12899999320	12.80000020000
0.12909999490	16.80000110000
0.12919999660	20.39999962000
0.12929999830	22.00000000000
0.12940000000	20.80000114000
0.12950000170	18.39999960000
0.12959998850	15.60000040000
0.12969999020	12.80000020000
0.12979999180	10.80000020000
0.12989999350	9.60000038100
0.12999999520	8.40000057200
0.13009999690	7.20000029000
0.13019999860	6.80000019000
0.13030000030	6.00000000000
0.13040000200	5.59999990000
0.13049998880	5.20000029000
0.13059999050	4.80000019000
0.13069999220	4.80000019000
0.13079999390	4.40000010000
0.13089999560	4.00000000000
0.13099999730	4.00000000000
0.13109999900	4.00000000000
0.13120000060	4.00000000000
0.13130000230	4.00000000000
0.13139998910	4.00000000000
0.13149999080	3.60000014000
0.13159999250	4.00000000000
0.13169999420	3.60000014000
0.13179999590	4.00000000000
0.13189999760	3.60000014000
0.13199999930	4.00000000000
0.13210000100	4.00000000000
0.13220000270	4.00000000000
0.13229998950	4.00000000000
0.13239999120	4.00000000000
0.13249999280	4.00000000000
0.13259999450	4.00000000000
0.13269999620	4.00000000000
0.13279999790	4.00000000000
0.13289999960	4.00000000000
0.13300000130	3.60000014000
0.13309998810	3.60000014000
0.13319998980	3.60000014000
0.13329999150	3.60000014000
0.13339999320	3.60000014000
0.13349999490	4.00000000000
0.13359999660	3.60000014000
0.13369999830	4.00000000000
0.13380000000	4.00000000000
0.13390000160	3.60000014000
0.13399998840	4.00000000000
0.13409999010	4.00000000000
0.13419999180	4.00000000000
0.13429999350	4.00000000000
0.13439999520	4.00000000000
0.13449999690	4.00000000000
0.13459999860	4.00000000000
0.13470000030	4.00000000000
0.13480000200	4.00000000000
0.13489998880	4.00000000000
0.13499999050	4.00000000000
0.13509999220	4.00000000000
0.13519999380	4.00000000000
0.13529999550	4.00000000000
0.13539999720	4.00000000000
0.13549999890	4.00000000000
0.13560000060	4.00000000000
0.13570000230	4.00000000000
0.13579998910	4.00000000000
0.13589999080	4.40000010000
0.13599999250	4.80000019000
0.13609999420	5.59999990000
0.13619999590	6.00000000000
0.13629999760	6.00000000000
0.13639999930	7.20000029000
0.13650000100	8.80000019100
0.13660000260	12.00000000000
0.13669998940	16.00000000000
0.13679999110	19.60000040000
0.13689999280	21.20000076000
0.13699999450	20.39999962000
0.13709999620	17.60000040000
0.13719999790	14.40000060000
0.13729999960	12.40000060000
0.13740000130	10.40000060000
0.13749998810	8.80000019100
0.13759998980	7.59999990500
0.13769999150	7.20000029000
0.13779999320	6.80000019000
0.13789999490	6.40000010000
0.13799999650	6.00000000000
0.13809999820	5.20000029000
0.13819999990	4.80000019000
0.13830000160	4.80000019000
0.13839998840	4.40000010000
0.13849999010	4.40000010000
0.13859999180	4.40000010000
0.13869999350	4.00000000000
0.13879999520	4.00000000000
0.13889999690	4.00000000000
0.13899999860	4.00000000000
0.13910000030	4.00000000000
0.13920000200	4.00000000000
0.13929998870	4.00000000000
0.13939999040	4.00000000000
0.13949999210	4.00000000000
0.13959999380	4.00000000000
0.13969999550	4.00000000000
0.13979999720	4.00000000000
0.13989999890	4.00000000000
0.14000000060	4.00000000000
0.14010000230	4.00000000000
0.14019998910	4.00000000000
0.14029999080	4.00000000000
0.14039999250	4.00000000000
0.14049999420	4.00000000000
0.14059999590	4.00000000000
0.14069999750	4.00000000000
0.14079999920	4.00000000000
0.14090000090	4.00000000000
0.14100000260	4.00000000000
0.14109998940	4.00000000000
0.14119999110	4.00000000000
0.14129999280	3.60000014000
0.14139999450	4.00000000000
0.14149999620	3.60000014000
0.14159999790	4.00000000000
0.14169999960	4.00000000000
0.14180000130	4.00000000000
0.14189998810	4.00000000000
0.14199998970	4.00000000000
0.14209999140	4.00000000000
0.14219999310	4.00000000000
0.14229999480	4.00000000000
0.14239999650	4.00000000000
0.14249999820	4.00000000000
0.14259999990	4.00000000000
0.14270000160	4.00000000000
0.14279998840	4.00000000000
0.14289999010	4.00000000000
0.14299999180	4.00000000000
0.14309999350	4.00000000000
0.14319999520	3.60000014000
0.14329999690	4.00000000000
0.14339999850	4.00000000000
0.14350000020	4.00000000000
0.14360000190	4.40000010000
0.14369998870	4.80000019000
0.14379999040	5.59999990000
0.14389999210	6.40000010000
0.14399999380	6.80000019000
0.14409999550	8.80000019100
0.14419999720	12.00000000000
0.14429999890	16.39999960000
0.14440000060	19.60000040000
0.14450000230	21.20000076000
0.14459998910	20.39999962000
0.14469999070	18.39999960000
0.14479999240	15.60000040000
0.14489999410	12.40000060000
0.14499999580	10.80000020000
0.14509999750	9.19999980900
0.14519999920	7.59999990500
0.14530000090	7.20000029000
0.14540000260	6.40000010000
0.14549998940	6.00000000000
0.14559999110	6.00000000000
0.14569999280	5.59999990000
0.14579999450	4.80000019000
0.14589999620	4.80000019000
0.14599999790	4.40000010000
0.14609999950	4.00000000000
0.14620000120	4.00000000000
0.14629998800	4.00000000000
0.14639998970	4.00000000000
0.14649999140	3.60000014000
0.14659999310	4.00000000000
0.14669999480	4.00000000000
0.14679999650	4.00000000000
0.14689999820	4.00000000000
0.14699999990	4.00000000000
0.14710000160	4.00000000000
0.14719998840	4.00000000000
0.14729999010	4.00000000000
0.14739999180	4.00000000000
0.14749999340	3.60000014000
0.14759999510	3.60000014000
0.14769999680	4.00000000000
0.14779999850	3.60000014000
0.14790000020	4.00000000000
0.14800000190	4.00000000000
0.14809998870	4.40000010000
0.14819999040	3.60000014000
0.14829999210	4.00000000000
0.14839999380	4.00000000000
0.14849999547	4.00000000000
0.14859999716	4.00000000000
0.14869999886	4.40000010000
0.14880000055	4.00000000000
0.14890000224	4.00000000000
0.14899998903	4.00000000000
0.14909999073	4.00000000000
0.14919999242	4.00000000000
0.14929999411	4.00000000000
0.14939999580	4.00000000000
0.14949999750	4.00000000000
0.14959999919	4.00000000000
0.14970000088	4.00000000000
0.14979998767	4.00000000000
0.14989998937	4.00000000000
0.14999999106	4.00000000000
0.15009999275	4.00000000000
0.15019999444	4.00000000000
0.15029999614	4.00000000000
0.15039999783	3.60000014000
0.15049999952	3.60000014000
0.15060000122	3.60000014000
0.15069998801	3.60000014000
0.15079998970	3.60000014000
0.15089999139	3.60000014000
0.15099999309	4.00000000000
0.15109999478	4.40000010000
0.15119999647	4.80000019000
0.15129999816	5.20000029000
0.15139999986	6.00000000000
0.15150000155	6.40000010000
0.15159998834	6.80000019000
0.15169999003	8.80000019100
0.15179999173	12.00000000000
0.15189999342	16.00000000000
0.15199999511	18.80000110000
0.15209999681	20.39999962000
0.15219999850	19.60000040000
0.15230000019	16.80000110000
0.15240000188	14.00000000000
0.15249998868	11.60000040000
0.15259999037	10.00000000000
0.15269999206	8.80000019100
0.15279999375	7.59999990500
0.15289999545	6.80000019000
0.15299999714	6.40000010000
0.15309999883	6.00000000000
0.15320000052	5.59999990000
0.15330000222	5.59999990000
0.15339998901	4.80000019000
0.15349999070	4.40000010000
0.15359999239	4.80000019000
0.15369999409	4.80000019000
0.15379999578	4.40000010000
0.15389999747	4.40000010000
0.15399999917	4.00000000000
0.15410000086	4.00000000000
0.15419998765	4.00000000000
0.15429998934	4.00000000000
0.15439999104	4.00000000000
0.15449999273	4.00000000000
0.15459999442	4.00000000000
0.15469999611	3.60000014000
0.15479999781	4.00000000000
0.15489999950	4.00000000000
0.15500000119	4.00000000000
0.15509998798	3.60000014000
0.15519998968	3.60000014000
0.15529999137	4.00000000000
0.15539999306	4.00000000000
0.15549999475	4.00000000000
0.15559999645	4.40000010000
0.15569999814	4.80000019000
0.15579999983	5.20000029000
0.15590000153	5.20000029000
0.15599998832	4.80000019000
0.15609999001	4.40000010000
0.15619999170	4.40000010000
0.15629999340	4.40000010000
0.15639999509	4.00000000000
0.15649999678	4.00000000000
0.15659999847	4.00000000000
0.15670000017	4.00000000000
0.15680000186	4.00000000000
0.15689998865	4.00000000000
0.15699999034	4.00000000000
0.15709999204	4.00000000000
0.15719999373	4.00000000000
0.15729999542	4.00000000000
0.15739999712	4.00000000000
0.15749999881	4.00000000000
0.15760000050	4.00000000000
0.15770000219	4.00000000000
0.15779998899	4.00000000000
0.15789999068	3.60000014000
0.15799999237	3.60000014000
0.15809999406	3.60000014000
0.15819999576	3.60000014000
0.15829999745	4.00000000000
0.15839999914	4.00000000000
0.15850000083	4.00000000000
0.15859998763	4.00000000000
0.15869998932	4.00000000000
0.15879999101	4.00000000000
0.15889999270	4.00000000000
0.15899999440	4.00000000000
0.15909999609	4.00000000000
0.15919999778	4.00000000000
0.15929999948	4.00000000000
0.15940000117	4.80000019000
0.15949998796	4.80000019000
0.15959998965	5.20000029000
0.15969999135	5.20000029000
0.15979999304	5.20000029000
0.15989999473	4.80000019000
0.15999999642	4.80000019000
0.16009999812	4.40000010000
0.16019999981	4.40000010000
0.16030000150	4.40000010000
0.16039998829	4.40000010000
0.16049998999	4.00000000000
0.16059999168	4.00000000000
0.16069999337	4.00000000000
0.16079999506	4.00000000000
0.16089999676	4.00000000000
0.16099999845	4.00000000000
0.16110000014	4.00000000000
0.16120000184	4.00000000000
0.16129998863	4.00000000000
0.16139999032	4.00000000000
0.16149999201	4.00000000000
0.16159999371	4.00000000000
0.16169999540	3.60000014000
0.16179999709	4.00000000000
0.16189999878	4.00000000000
0.16200000048	4.00000000000
0.16210000217	3.60000014000
0.16219998896	4.00000000000
0.16229999065	3.60000014000
0.16239999235	4.00000000000
0.16249999404	3.60000014000
0.16259999573	4.00000000000
0.16269999743	3.60000014000
0.16279999912	3.60000014000
0.16290000081	3.60000014000
0.16299998760	4.00000000000
0.16309998930	4.00000000000
0.16319999099	4.00000000000
0.16329999268	4.00000000000
0.16339999437	4.40000010000
0.16349999607	4.00000000000
0.16359999776	4.40000010000
0.16369999945	4.40000010000
0.16380000114	4.40000010000
0.16389998794	4.40000010000
0.16399998963	4.00000000000
0.16409999132	4.00000000000
0.16419999301	4.00000000000
0.16429999471	4.00000000000
0.16439999640	4.00000000000
0.16449999809	4.00000000000
0.16459999979	4.00000000000
0.16470000148	4.00000000000
0.16479998827	4.00000000000
0.16489998996	4.00000000000
0.16499999166	3.60000014000
0.16509999335	3.60000014000
0.16519999504	4.00000000000
0.16529999673	4.00000000000
0.16539999843	4.00000000000
0.16550000012	4.00000000000
0.16560000181	3.60000014000
0.16569998860	4.00000000000
0.16579999030	4.00000000000
0.16589999199	3.60000014000
0.16599999368	4.00000000000
0.16609999537	3.60000014000
0.16619999707	4.00000000000
0.16629999876	4.00000000000
0.16640000045	4.00000000000
0.16649998724	3.60000014000
0.16659998894	4.00000000000
0.16669999063	4.00000000000
0.16679999232	3.60000014000
0.16689999402	4.00000000000
0.16699999571	3.60000014000
0.16709999740	4.00000000000
0.16719999909	4.00000000000
0.16730000079	4.00000000000
0.16739998758	4.00000000000
0.16749998927	4.00000000000
0.16759999096	4.00000000000
0.16769999266	4.00000000000
0.16779999435	4.00000000000
0.16789999604	4.00000000000
0.16799999774	4.00000000000
0.16809999943	4.00000000000
0.16820000112	4.00000000000
0.16829998791	4.00000000000
0.16839998960	4.00000000000
0.16849999130	3.60000014000
0.16859999299	3.60000014000
0.16869999468	4.00000000000
0.16879999638	3.60000014000
0.16889999807	4.00000000000
0.16899999976	3.60000014000
0.16910000145	3.60000014000
0.16919998825	3.60000014000
0.16929998994	4.00000000000
0.16939999163	4.00000000000
0.16949999332	4.00000000000
0.16959999502	4.00000000000
0.16969999671	4.00000000000
0.16979999840	4.00000000000
0.16990000010	4.00000000000
0.17000000179	4.00000000000
0.17009998858	4.00000000000
0.17019999027	3.60000014000
0.17029999197	3.60000014000
0.17039999366	4.00000000000
0.17049999535	4.00000000000
0.17059999704	3.60000014000
0.17069999874	4.00000000000
0.17080000043	3.60000014000
0.17089998722	4.00000000000
0.17099998891	3.60000014000
0.17109999061	4.00000000000
0.17119999230	4.00000000000
0.17129999399	4.00000000000
0.17139999568	4.00000000000
0.17149999738	4.00000000000
0.17159999907	4.00000000000
0.17170000076	4.00000000000
0.17179998755	4.00000000000
0.17189998925	3.60000014000
0.17199999094	4.00000000000
0.17209999263	4.00000000000
0.17219999433	3.60000014000
0.17229999602	3.60000014000
0.17239999771	4.00000000000
0.17249999940	4.00000000000
0.17260000110	4.00000000000
0.17269998789	3.60000014000
0.17279998958	4.00000000000
0.17289999127	3.60000014000
0.17299999297	3.60000014000
0.17309999466	4.00000000000
0.17319999635	3.60000014000
0.17329999804	4.00000000000
0.17339999974	4.00000000000
0.17350000143	3.60000014000
0.17359998822	3.60000014000
0.17369998991	4.00000000000
0.17379999161	4.00000000000
0.17389999330	4.00000000000
0.17399999499	4.00000000000
0.17409999669	4.00000000000
0.17419999838	4.00000000000
0.17430000007	4.00000000000
0.17440000176	4.00000000000
0.17449998856	3.60000014000
0.17459999025	4.00000000000
0.17469999194	4.00000000000
0.17479999363	4.00000000000
0.17489999533	4.00000000000
0.17499999702	3.60000014000
0.17509999871	4.00000000000
0.17520000041	4.00000000000
0.17529998720	4.00000000000
0.17539998889	4.00000000000
0.17549999058	4.00000000000
0.17559999228	4.00000000000
0.17569999397	3.60000014000
0.17579999566	4.00000000000
0.17589999735	4.00000000000
0.17599999905	4.00000000000
0.17610000074	4.00000000000
0.17619998753	4.00000000000
0.17629998922	4.00000000000
0.17639999092	4.00000000000
0.17649999261	4.00000000000
0.17659999430	4.00000000000
0.17669999599	3.60000014000
0.17679999769	4.00000000000
0.17689999938	4.00000000000
0.17700000107	4.00000000000
0.17709998786	4.00000000000
0.17719998956	4.00000000000
0.17729999125	4.00000000000
0.17739999294	4.00000000000
0.17749999464	4.00000000000
0.17759999633	4.00000000000
0.17769999802	4.00000000000
0.17779999971	4.00000000000
0.17790000141	4.00000000000
0.17799998820	4.00000000000
0.17809998989	4.00000000000
0.17819999158	4.00000000000
0.17829999328	4.00000000000
0.17839999497	4.40000010000
0.17849999666	4.00000000000
0.17859999835	4.00000000000
0.17870000005	4.00000000000
0.17880000174	4.00000000000
0.17889998853	4.00000000000
0.17899999022	4.00000000000
0.17909999192	3.60000014000
0.17919999361	4.00000000000
0.17929999530	4.00000000000
0.17939999700	4.00000000000
0.17949999869	4.00000000000
0.17960000038	3.60000014000
0.17969998717	4.00000000000
0.17979998887	4.00000000000
0.17989999056	4.00000000000
0.17999999225	4.00000000000
0.18009999394	4.00000000000
0.18019999564	4.00000000000
0.18029999733	3.60000014000
0.18039999902	4.00000000000
0.18050000072	3.60000014000
0.18059998751	4.00000000000
0.18069998920	3.60000014000
0.18079999089	3.60000014000
0.18089999259	4.00000000000
0.18099999428	4.00000000000
0.18109999597	4.00000000000
0.18119999766	4.00000000000
0.18129999936	4.00000000000
0.18140000105	4.00000000000
0.18149998784	4.00000000000
0.18159998953	4.00000000000
0.18169999123	3.60000014000
0.18179999292	4.00000000000
0.18189999461	4.00000000000
0.18199999630	4.00000000000
0.18209999800	3.60000014000
0.18219999969	3.60000014000
0.18230000138	4.00000000000
0.18239998817	4.00000000000
0.18249998987	4.00000000000
0.18259999156	4.00000000000
0.18269999325	4.00000000000
0.18279999495	4.00000000000
0.18289999664	4.00000000000
0.18299999833	4.00000000000
0.18310000002	4.00000000000
0.18319998682	3.60000014000
0.18329998851	3.60000014000
0.18339999020	3.60000014000
0.18349999189	3.60000014000
0.18359999359	3.60000014000
0.18369999528	3.60000014000
0.18379999697	4.00000000000
0.18389999866	4.00000000000
0.18400000036	4.00000000000
0.18409998715	4.00000000000
0.18419998884	4.00000000000
0.18429999053	4.00000000000
0.18439999223	3.60000014000
0.18449999392	3.60000014000
0.18459999561	4.00000000000
0.18469999731	4.00000000000
0.18479999900	4.00000000000
0.18490000069	4.00000000000
0.18499998748	3.60000014000
0.18509998918	4.00000000000
0.18519999087	4.00000000000
0.18529999256	4.00000000000
0.18539999425	4.00000000000
0.18549999595	4.00000000000
0.18559999764	4.00000000000
0.18569999933	4.00000000000
0.18580000103	4.00000000000
0.18589998782	4.00000000000
0.18599998951	4.00000000000
0.18609999120	4.00000000000
0.18619999290	3.60000014000
0.18629999459	4.00000000000
0.18639999628	4.00000000000
0.18649999797	4.00000000000
0.18659999967	4.00000000000
0.18670000136	3.60000014000
0.18679998815	3.60000014000
0.18689998984	4.00000000000
0.18699999154	3.60000014000
0.18709999323	4.00000000000
0.18719999492	4.00000000000
0.18729999661	4.00000000000
0.18739999831	4.00000000000
0.18750000000	4.00000000000
0.18759998679	4.00000000000
0.18769998848	4.00000000000
0.18779999018	4.00000000000
0.18789999187	4.00000000000
0.18799999356	4.00000000000
0.18809999526	3.60000014000
0.18819999695	4.00000000000
0.18829999864	4.00000000000
0.18840000033	4.00000000000
0.18849998713	4.00000000000
0.18859998882	3.60000014000
0.18869999051	4.00000000000
0.18879999220	3.60000014000
0.18889999390	3.60000014000
0.18899999559	4.00000000000
0.18909999728	3.60000014000
0.18919999897	4.00000000000
0.18930000067	4.00000000000
0.18939998746	4.00000000000
0.18949998915	4.00000000000
0.18959999084	4.00000000000
0.18969999254	4.00000000000
0.18979999423	4.00000000000
0.18989999592	4.00000000000
0.18999999762	4.00000000000
0.19009999931	4.00000000000
0.19020000100	4.00000000000
0.19029998779	4.00000000000
0.19039998949	4.00000000000
0.19049999118	4.00000000000
0.19059999287	4.00000000000
0.19069999456	4.00000000000
0.19079999626	4.00000000000
0.19089999795	4.00000000000
0.19099999964	4.00000000000
0.19110000134	4.00000000000
0.19119998813	4.00000000000
0.19129998982	4.00000000000
0.19139999151	4.00000000000
0.19149999321	4.00000000000
0.19159999490	4.00000000000
0.19169999659	4.00000000000
0.19179999828	4.00000000000
0.19189999998	4.00000000000
0.19199998677	4.00000000000
0.19209998846	4.00000000000
0.19219999015	4.00000000000
0.19229999185	4.00000000000
0.19239999354	4.00000000000
0.19249999523	4.00000000000
0.19259999692	4.00000000000
0.19269999862	4.00000000000
0.19280000031	4.00000000000
0.19289998710	4.00000000000
0.19299998879	4.00000000000
0.19309999049	4.00000000000
0.19319999218	4.00000000000
0.19329999387	3.60000014000
0.19339999557	4.00000000000
0.19349999726	4.00000000000
0.19359999895	3.60000014000
0.19370000064	4.00000000000
0.19379998744	3.60000014000
0.19389998913	4.00000000000
0.19399999082	4.00000000000
0.19409999251	3.60000014000
0.19419999421	4.00000000000
0.19429999590	3.60000014000
0.19439999759	3.60000014000
0.19449999928	4.00000000000
0.19460000098	4.00000000000
0.19469998777	4.00000000000
0.19479998946	4.00000000000
0.19489999115	4.00000000000
0.19499999285	4.00000000000
0.19509999454	4.00000000000
0.19519999623	4.00000000000
0.19529999793	3.60000014000
0.19539999962	4.00000000000
0.19550000131	4.00000000000
0.19559998810	4.00000000000
0.19569998980	3.60000014000
0.19579999149	4.00000000000
0.19589999318	3.60000014000
0.19599999487	4.00000000000
0.19609999657	4.00000000000
0.19619999826	3.60000014000
0.19629999995	3.60000014000
0.19639998674	3.60000014000
0.19649998844	3.60000014000
0.19659999013	3.60000014000
0.19669999182	3.60000014000
0.19679999352	4.00000000000
0.19689999521	4.00000000000
0.19699999690	3.60000014000
0.19709999859	3.60000014000
0.19720000029	3.60000014000
0.19729998708	3.60000014000
0.19739998877	3.60000014000
0.19749999046	4.00000000000
0.19759999216	3.60000014000
0.19769999385	3.60000014000
0.19779999554	4.00000000000
0.19789999723	4.00000000000
0.19799999893	4.00000000000
0.19810000062	4.00000000000
0.19819998741	4.00000000000
0.19829998910	4.00000000000
0.19839999080	3.60000014000
0.19849999249	3.60000014000
0.19859999418	3.60000014000
0.19869999588	4.00000000000
0.19879999757	3.60000014000
0.19889999926	3.60000014000
0.19900000095	3.60000014000
0.19909998775	4.00000000000
0.19919998944	3.60000014000
0.19929999113	4.00000000000
0.19939999282	4.00000000000
0.19949999452	4.00000000000
0.19959999621	3.60000014000
0.19969999790	4.00000000000
0.19979999959	4.00000000000
0.19989998639	4.00000000000
0.19999998808	3.60000014000
0.20009998977	4.00000000000
0.20019999146	4.00000000000
0.20029999316	3.60000014000
0.20039999485	3.60000014000
0.20049999654	3.60000014000
0.20059999824	3.60000014000
0.20069999993	4.00000000000
0.20079998672	4.00000000000
0.20089998841	4.00000000000
0.20099999011	4.00000000000
0.20109999180	3.60000014000
0.20119999349	3.60000014000
0.20129999518	3.60000014000
0.20139999688	3.60000014000
0.20149999857	3.60000014000
0.20160000026	3.60000014000
0.20169998705	4.00000000000
0.20179998875	4.00000000000
0.20189999044	4.00000000000
0.20199999213	4.00000000000
0.20209999382	4.00000000000
0.20219999552	4.00000000000
0.20229999721	4.00000000000
0.20239999890	4.00000000000
0.20250000060	4.00000000000
0.20259998739	4.00000000000
0.20269998908	3.60000014000
0.20279999077	4.00000000000
0.20289999247	4.00000000000
0.20299999416	3.60000014000
0.20309999585	4.00000000000
0.20319999754	3.60000014000
0.20329999924	3.60000014000
0.20340000093	3.60000014000
0.20349998772	3.60000014000
0.20359998941	3.60000014000
0.20369999111	3.60000014000
0.20379999280	3.60000014000
0.20389999449	3.60000014000
0.20399999619	3.60000014000
0.20409999788	3.60000014000
0.20419999957	4.00000000000
0.20429998636	4.00000000000
0.20439998806	4.00000000000
0.20449998975	4.00000000000
0.20459999144	4.00000000000
0.20469999313	4.00000000000
0.20479999483	4.00000000000
0.20489999652	4.00000000000
0.20499999821	4.00000000000
0.20509999990	4.00000000000
0.20519998670	4.00000000000
0.20529998839	4.00000000000
0.20539999008	4.00000000000
0.20549999177	4.00000000000
0.20559999347	3.60000014000
0.20569999516	4.00000000000
0.20579999685	4.00000000000
0.20589999855	3.60000014000
0.20600000024	4.00000000000
0.20609998703	4.00000000000
0.20619998872	4.00000000000
0.20629999042	3.60000014000
0.20639999211	3.60000014000
0.20649999380	3.60000014000
0.20659999549	4.00000000000
0.20669999719	4.00000000000
0.20679999888	4.00000000000
0.20690000057	4.00000000000
0.20699998736	4.00000000000
0.20709998906	4.00000000000
0.20719999075	4.00000000000
0.20729999244	4.00000000000
0.20739999413	4.00000000000
0.20749999583	4.00000000000
0.20759999752	4.00000000000
0.20769999921	4.00000000000
0.20780000091	4.00000000000
0.20789998770	4.00000000000
0.20799998939	4.00000000000
0.20809999108	4.00000000000
0.20819999278	4.00000000000
0.20829999447	4.00000000000
0.20839999616	4.00000000000
0.20849999785	4.00000000000
0.20859999955	4.00000000000
0.20869998634	4.00000000000
0.20879998803	4.00000000000
0.20889998972	4.00000000000
0.20899999142	4.00000000000
0.20909999311	4.00000000000
0.20919999480	4.00000000000
0.20929999650	4.00000000000
0.20939999819	4.00000000000
0.20949999988	4.00000000000
0.20959998667	4.00000000000
0.20969998837	4.00000000000
0.20979999006	4.00000000000
0.20989999175	4.00000000000
0.20999999344	4.00000000000
0.21009999514	4.00000000000
0.21019999683	4.00000000000
0.21029999852	4.00000000000
0.21040000021	4.00000000000
0.21049998701	4.00000000000
0.21059998870	4.00000000000
0.21069999039	3.60000014000
0.21079999208	3.60000014000
0.21089999378	4.00000000000
0.21099999547	4.00000000000
0.21109999716	4.00000000000
0.21119999886	4.00000000000
0.21130000055	4.00000000000
0.21139998734	4.40000010000
0.21149998903	4.00000000000
0.21159999073	4.00000000000
0.21169999242	4.00000000000
0.21179999411	4.00000000000
0.21189999580	3.60000014000
0.21199999750	4.00000000000
0.21209999919	4.00000000000
0.21220000088	3.60000014000
0.21229998767	4.00000000000
0.21239998937	3.60000014000
0.21249999106	4.00000000000
0.21259999275	3.60000014000
0.21269999444	3.60000014000
0.21279999614	4.00000000000
0.21289999783	4.00000000000
0.21299999952	3.60000014000
0.21309998631	4.00000000000
0.21319998801	4.00000000000
0.21329998970	4.00000000000
0.21339999139	4.00000000000
0.21349999309	4.00000000000
0.21359999478	4.00000000000
0.21369999647	4.00000000000
0.21379999816	4.00000000000
0.21389999986	4.00000000000
0.21399998665	4.00000000000
0.21409998834	4.00000000000
0.21419999003	4.00000000000
0.21429999173	4.00000000000
0.21439999342	4.00000000000
0.21449999511	4.00000000000
0.21459999681	4.00000000000
0.21469999850	4.00000000000
0.21480000019	4.00000000000
0.21489998698	4.00000000000
0.21499998868	3.60000014000
0.21509999037	4.00000000000
0.21519999206	4.00000000000
0.21529999375	4.00000000000
0.21539999545	4.00000000000
0.21549999714	4.00000000000
0.21559999883	4.00000000000
0.21570000052	4.00000000000
0.21579998732	4.00000000000
0.21589998901	4.00000000000
0.21599999070	4.00000000000
0.21609999239	4.00000000000
0.21619999409	4.00000000000
0.21629999578	4.00000000000
0.21639999747	3.60000014000
0.21649999917	3.60000014000
0.21659998596	4.00000000000
0.21669998765	4.00000000000
0.21679998934	4.00000000000
0.21689999104	4.00000000000
0.21699999273	4.00000000000
0.21709999442	4.00000000000
0.21719999611	4.00000000000
0.21729999781	4.00000000000
0.21739999950	4.00000000000
0.21749998629	4.00000000000
0.21759998798	4.00000000000
0.21769998968	4.00000000000
0.21779999137	4.00000000000
0.21789999306	4.00000000000
0.21799999475	4.00000000000
0.21809999645	4.00000000000
0.21819999814	3.60000014000
0.21829999983	4.00000000000
0.21839998662	4.00000000000
0.21849998832	4.00000000000
0.21859999001	4.00000000000
0.21869999170	4.00000000000
0.21879999340	4.00000000000
0.21889999509	4.00000000000
0.21899999678	4.00000000000
0.21909999847	3.60000014000
0.21920000017	3.60000014000
0.21929998696	4.00000000000
0.21939998865	4.00000000000
0.21949999034	4.00000000000
0.21959999204	4.00000000000
0.21969999373	3.60000014000
0.21979999542	3.60000014000
0.21989999712	4.00000000000
0.21999999881	4.00000000000
0.22010000050	4.00000000000
0.22019998729	3.60000014000
0.22029998899	3.60000014000
0.22039999068	4.00000000000
0.22049999237	4.00000000000
0.22059999406	4.00000000000
0.22069999576	4.00000000000
0.22079999745	4.00000000000
0.22089999914	4.00000000000
0.22099998593	3.60000014000
0.22109998763	3.60000014000
0.22119998932	4.00000000000
0.22129999101	3.60000014000
0.22139999270	3.60000014000
0.22149999440	3.60000014000
0.22159999609	4.00000000000
0.22169999778	3.60000014000
0.22179999948	4.00000000000
0.22189998627	3.60000014000
0.22199998796	3.60000014000
0.22209998965	4.00000000000
0.22219999135	4.00000000000
0.22229999304	4.00000000000
0.22239999473	4.00000000000
0.22249999642	4.00000000000
0.22259999812	4.00000000000
0.22269999981	4.00000000000
0.22279998660	4.00000000000
0.22289998829	4.00000000000
0.22299998999	4.00000000000
0.22309999168	4.00000000000
0.22319999337	3.60000014000
0.22329999506	3.60000014000
0.22339999676	4.00000000000
0.22349999845	4.00000000000
0.22360000014	4.00000000000
0.22369998693	4.00000000000
0.22379998863	4.00000000000
0.22389999032	3.60000014000
0.22399999201	4.00000000000
0.22409999371	3.60000014000
0.22419999540	4.00000000000
0.22429999709	4.00000000000
0.22439999878	4.00000000000
0.22450000048	4.00000000000
0.22459998727	3.60000014000
0.22469998896	4.00000000000
0.22479999065	3.60000014000
0.22489999235	4.00000000000
0.22499999404	3.60000014000
0.22509999573	3.60000014000
0.22519999743	4.00000000000
0.22529999912	3.60000014000
0.22539998591	4.00000000000
0.22549998760	3.60000014000
0.22559998930	3.60000014000
0.22569999099	4.00000000000
0.22579999268	4.00000000000
0.22589999437	4.00000000000
0.22599999607	4.00000000000
0.22609999776	4.00000000000
0.22619999945	4.00000000000
0.22629998624	4.00000000000
0.22639998794	4.00000000000
0.22649998963	4.00000000000
0.22659999132	3.60000014000
0.22669999301	4.00000000000
0.22679999471	4.00000000000
0.22689999640	4.00000000000
0.22699999809	4.00000000000
0.22709999979	4.00000000000
0.22719998658	4.00000000000
0.22729998827	3.60000014000
0.22739998996	3.60000014000
0.22749999166	3.60000014000
0.22759999335	3.60000014000
0.22769999504	4.00000000000
0.22779999673	3.60000014000
0.22789999843	3.60000014000
0.22800000012	4.00000000000
0.22809998691	4.00000000000
0.22819998860	4.00000000000
0.22829999030	3.60000014000
0.22839999199	4.00000000000
0.22849999368	4.00000000000
0.22859999537	3.60000014000
0.22869999707	3.60000014000
0.22879999876	4.00000000000
0.22890000045	4.00000000000
0.22899998724	3.60000014000
0.22909998894	4.00000000000
0.22919999063	3.60000014000
0.22929999232	4.00000000000
0.22939999402	3.60000014000
0.22949999571	3.60000014000
0.22959999740	4.00000000000
0.22969999909	3.60000014000
0.22979998589	3.60000014000
0.22989998758	3.60000014000
0.22999998927	4.00000000000
0.23009999096	4.00000000000
0.23019999266	4.00000000000
0.23029999435	4.00000000000
0.23039999604	4.00000000000
0.23049999774	3.60000014000
0.23059999943	4.00000000000
0.23069998622	4.00000000000
0.23079998791	4.00000000000
0.23089998960	3.60000014000
0.23099999130	4.00000000000
0.23109999299	4.00000000000
0.23119999468	4.00000000000
0.23129999638	4.00000000000
0.23139999807	4.00000000000
0.23149999976	4.00000000000
0.23159998655	4.00000000000
0.23169998825	4.00000000000
0.23179998994	4.00000000000
0.23189999163	4.00000000000
0.23199999332	3.60000014000
0.23209999502	3.60000014000
0.23219999671	3.60000014000
0.23229999840	3.60000014000
0.23240000010	4.00000000000
0.23249998689	4.00000000000
0.23259998858	4.00000000000
0.23269999027	4.00000000000
0.23279999197	4.00000000000
0.23289999366	4.00000000000
0.23299999535	4.00000000000
0.23309999704	4.00000000000
0.23319999874	4.00000000000
0.23329998553	3.60000014000
0.23339998722	3.60000014000
0.23349998891	4.00000000000
0.23359999061	3.60000014000
0.23369999230	4.00000000000
0.23379999399	3.60000014000
0.23389999568	4.00000000000